items_a,items_b,items_c
12,6,12
12,6,12
12,6,12
12,6,12
12,6,12
12,6,12
12,6,12
12,6,12
12,6,12
12,6,12
12,6,12
12,6,12
12,6,12
12,6,12
12,6,12
12,6,12
12,6,12
12,6,12
12,6,12
12,6,12
12,6,12
12,6,12
12,6,12
12,6,12
12,6,12
12,6,12
12,6,12
12,6,12
12,6,12
12,6,12
12,6,12
12,6,12
12,6,12
12,6,12
12,6,12
12,6,12
12,6,12
12,6,12
12,5,12
12,5,12
12,5,12
12,5,12
12,5,12
12,5,12
12,5,12
12,5,12
12,5,12
12,5,12
12,5,12
12,5,12
12,5,12
12,5,12
12,5,12
12,5,12
12,5,12
12,5,12
12,5,12
12,5,12
12,5,12
12,5,12
12,5,12
12,5,12
12,5,12
12,5,12
12,5,12
12,5,12
12,5,12
12,5,12
12,5,12
12,5,12
11,5,12
11,5,12
11,5,12
11,5,12
11,5,12
11,5,12
11,5,12
11,5,12
11,5,12
11,5,12
11,5,12
11,5,12
11,5,12
11,5,12
11,5,12
11,5,12
11,5,12
11,5,12
11,5,12
11,5,12
11,4,12
11,4,12
11,4,12
11,4,12
11,4,12
11,4,12
11,4,12
11,4,12
11,4,12
11,4,12
11,4,12
11,4,12
11,4,12
11,4,12
11,4,12
11,4,12
11,4,11
11,4,11
11,4,11
11,4,11
11,4,11
11,4,11
11,4,11
11,4,11
11,4,11
11,4,11
11,4,11
11,4,11
10,4,11
10,4,11
10,4,11
10,4,11
10,4,11
10,4,11
10,4,11
10,3,11
10,3,11
10,3,11
10,3,11
10,3,11
10,3,11
10,3,11
10,3,11
10,3,11
10,3,11
10,3,11
10,3,11
10,3,11
10,3,11
10,3,11
10,3,11
10,3,11
10,3,11
10,3,11
10,3,11
10,3,11
10,3,11
10,3,11
10,3,11
10,3,11
10,3,11
10,3,11
10,3,11
10,3,11
10,3,11
10,3,11
10,3,11
10,3,11
10,3,11
10,3,11
10,3,11
10,3,11
10,3,11
10,3,11
10,3,11
10,3,11
10,3,11
10,3,11
10,3,11
10,3,11
10,3,11
10,3,11
10,3,11
10,3,11
10,3,11
10,3,11
10,3,11
10,3,11
10,3,11
10,3,11
10,3,11
10,3,11
10,3,11
10,3,11
10,3,11
10,3,11
10,3,11
10,3,11
10,3,11
10,3,11
10,3,11
10,3,11
10,3,11
10,3,11
10,3,11
10,3,11
10,3,11
10,3,11
10,3,11
10,3,11
10,3,11
10,3,11
10,3,11
10,3,11
10,3,11
10,3,11
10,3,11
10,3,11
10,3,11
10,3,11
10,3,11
10,3,11
10,3,11
10,3,11
10,3,11
10,3,11
10,3,11
10,3,11
10,3,11
10,3,11
10,3,11
10,3,11
10,3,11
10,3,11
10,3,11
10,3,11
10,3,11
10,3,11
10,3,11
10,3,11
10,3,11
10,3,11
10,3,11
10,3,11
10,3,11
10,3,11
10,3,11
10,3,11
10,3,11
10,3,11
10,3,11
10,3,11
10,3,11
10,3,11
10,3,11
10,3,11
10,3,11
10,3,11
10,3,11
10,3,11
10,3,11
10,3,11
9,3,11
9,3,11
9,3,11
9,3,11
9,3,11
9,3,11
9,3,11
9,3,11
9,3,11
9,3,11
9,3,11
9,3,11
9,3,11
9,3,11
9,3,11
9,3,11
9,3,11
9,3,11
9,3,11
9,3,11
9,3,11
9,3,11
9,3,11
9,3,11
9,3,11
9,3,11
9,3,11
9,3,11
9,3,11
9,3,11
9,3,11
9,3,11
9,3,11
9,3,11
9,3,11
9,3,11
9,3,11
9,3,11
9,3,11
9,3,11
9,3,11
9,3,11
9,3,11
9,3,11
9,3,11
9,3,11
9,3,11
9,3,11
9,3,11
9,3,11
9,3,11
9,3,11
9,3,11
9,3,11
9,3,11
9,3,11
9,3,11
9,3,11
9,3,11
9,3,11
9,3,11
9,3,11
9,3,11
9,3,11
9,3,11
9,3,11
9,3,11
9,3,11
9,3,11
9,3,11
9,3,11
9,3,11
9,3,11
9,3,11
9,3,11
9,3,11
9,3,11
9,3,11
9,3,11
9,3,11
9,3,11
9,3,11
9,3,11
9,3,11
9,3,11
9,3,11
9,3,11
9,3,11
9,3,11
9,3,11
9,3,11
9,3,11
9,3,11
9,3,11
9,3,11
9,3,11
9,3,11
9,3,11
9,3,11
9,3,11
9,3,11
9,3,11
9,3,11
9,3,11
9,3,11
9,3,11
9,3,11
9,3,11
9,3,10
9,3,10
9,3,10
9,3,10
9,3,10
9,3,10
9,3,10
9,3,10
9,3,10
9,3,10
9,3,10
9,3,10
9,3,10
9,3,10
9,3,10
9,3,10
9,3,10
9,3,10
9,3,10
9,3,10
9,3,10
9,3,10
9,3,10
9,3,10
9,3,10
9,3,10
9,3,10
9,3,10
9,3,10
9,3,10
9,3,10
9,3,10
9,3,10
9,3,10
9,3,10
9,3,10
9,3,10
9,3,10
9,3,10
9,3,10
9,3,10
9,3,10
9,3,10
9,3,10
9,3,10
9,3,10
9,3,10
9,3,10
9,3,10
9,3,10
9,3,10
9,3,10
9,3,10
9,3,10
9,3,10
9,3,10
9,3,10
9,3,10
9,3,10
9,3,10
9,3,10
9,3,10
8,3,10
8,3,10
8,3,10
8,3,10
8,3,10
8,3,10
8,3,10
8,3,10
8,3,10
8,3,10
8,3,10
7,3,10
7,3,10
7,3,10
7,3,10
7,3,10
7,3,10
7,3,10
7,3,10
7,3,10
7,3,10
7,3,10
7,3,10
7,3,10
7,3,10
7,3,10
7,3,10
7,3,10
7,3,10
7,3,10
7,3,10
7,3,10
7,3,10
7,3,10
7,3,10
7,3,10
7,3,10
7,3,10
7,3,10
7,3,10
7,3,10
7,3,10
7,3,10
7,3,10
7,3,10
7,3,10
7,3,10
7,3,10
7,3,10
7,3,10
7,3,10
7,3,10
7,3,10
7,3,10
7,3,10
7,3,10
7,3,10
7,3,10
7,3,9
7,3,9
7,3,9
7,3,9
7,3,9
7,3,9
7,3,9
7,3,9
7,3,9
7,3,9
7,3,9
7,3,9
7,3,9
7,3,9
7,3,9
7,3,9
7,3,9
7,3,9
7,3,9
7,3,9
7,3,9
7,3,9
7,3,9
7,3,9
6,3,9
6,3,9
6,3,9
6,3,9
6,3,9
6,3,9
6,3,9
6,3,9
6,3,9
6,3,9
6,3,9
6,3,9
6,3,9
6,3,9
6,3,9
6,3,9
6,3,9
6,3,9
6,3,9
6,3,9
6,3,9
6,3,9
6,3,9
6,3,9
6,3,9
6,3,9
6,3,9
6,3,9
6,3,9
6,3,9
6,3,9
6,3,9
6,3,9
6,3,9
6,3,9
6,3,9
6,3,9
6,3,9
6,3,9
6,3,9
6,3,9
6,3,9
6,3,9
6,3,9
6,3,9
6,3,9
6,3,9
6,3,9
6,3,9
6,3,9
6,3,9
6,3,9
6,3,9
6,3,9
6,3,9
6,3,9
6,3,9
6,3,9
6,3,9
6,3,9
6,3,9
6,3,9
6,3,9
6,3,9
6,3,9
6,3,9
6,3,9
6,3,9
6,3,9
6,3,9
6,3,9
6,3,9
6,3,9
6,3,9
6,3,9
6,3,9
5,3,9
5,3,9
5,3,9
5,3,9
5,3,9
5,3,9
5,3,9
5,3,9
5,3,9
5,3,9
5,3,9
5,3,9
5,3,9
5,3,9
5,3,9
5,3,9
5,3,9
5,3,9
5,3,9
5,3,9
5,3,9
5,3,9
5,3,9
5,3,9
5,3,8
5,3,8
5,3,8
5,3,8
5,3,8
5,3,8
5,3,8
5,3,8
5,3,8
5,3,8
5,3,8
5,3,8
5,3,8
5,3,8
5,3,8
5,3,8
5,3,8
5,3,8
5,3,8
5,3,8
4,3,8
4,3,8
4,3,8
4,3,8
4,3,8
4,3,8
4,3,8
4,3,8
4,3,8
4,3,8
4,3,8
4,3,8
4,3,8
4,3,8
4,3,8
4,3,8
4,3,8
4,3,8
4,3,8
3,3,8
3,3,8
3,3,8
3,3,8
3,3,8
3,3,8
3,3,8
3,3,8
3,3,8
3,3,8
3,3,8
3,3,8
3,3,8
3,3,8
3,3,8
3,3,8
3,3,8
3,3,8
3,3,8
3,3,8
3,3,8
3,3,8
3,3,8
3,3,8
3,3,8
3,3,8
3,3,8
3,3,8
3,3,8
3,3,8
3,3,8
3,3,8
3,3,8
3,3,8
3,3,8
3,3,8
3,3,8
3,3,8
3,3,8
3,3,8
3,3,8
3,3,8
3,3,8
3,3,8
3,3,8
2,3,8
2,3,8
2,3,8
2,3,8
2,3,8
2,3,8
2,3,8
2,3,8
2,3,8
2,3,8
2,3,8
2,3,8
2,3,8
2,3,8
2,3,8
2,3,8
2,3,8
2,3,8
2,3,8
2,3,8
2,3,8
2,3,8
2,3,8
2,3,8
2,3,8
2,3,8
2,3,8
2,3,8
2,2,8
2,2,8
2,2,8
2,2,8
2,2,8
2,2,8
2,2,8
2,2,8
2,2,8
2,2,8
2,2,8
2,2,8
2,2,8
2,2,8
2,2,8
2,2,8
2,2,8
2,2,8
2,2,8
2,2,8
2,2,8
2,2,8
2,2,8
2,2,8
2,2,8
2,2,8
2,2,8
2,2,8
2,2,8
2,2,8
2,2,8
2,2,8
2,2,8
2,2,8
2,2,8
2,2,8
2,2,8
2,2,8
2,2,8
2,2,8
2,2,8
2,2,8
2,2,8
2,2,8
2,2,8
2,2,8
2,2,8
2,2,8
2,2,8
2,2,8
2,2,8
2,2,8
2,2,8
2,2,8
2,2,8
2,2,8
2,2,8
2,2,8
2,2,8
2,2,8
2,2,8
2,2,8
2,2,8
2,2,8
2,2,8
2,2,8
2,2,8
2,2,8
2,2,8
2,2,8
2,2,8
2,2,8
2,2,8
2,2,8
2,2,8
2,2,8
2,2,8
2,2,8
2,2,8
2,2,8
2,2,8
2,2,8
2,2,8
2,2,8
2,2,8
2,2,8
2,2,8
2,2,8
2,2,8
2,2,8
2,2,8
2,2,8
2,2,8
2,2,8
2,2,8
2,2,8
2,2,8
2,2,8
1,2,8
1,2,8
1,2,8
1,2,8
1,2,8
1,2,8
1,2,8
1,2,8
1,2,8
1,2,8
1,2,8
1,2,8
1,2,8
1,2,8
1,2,8
1,2,8
1,2,8
1,2,8
1,2,8
1,2,8
1,2,8
1,2,8
1,2,8
1,2,8
1,2,8
1,2,8
1,2,8
1,2,8
1,2,8
1,2,8
1,2,8
1,2,8
1,2,8
1,2,8
1,2,8
1,2,8
1,2,8
1,2,8
1,2,8
1,2,8
1,2,8
1,2,8
1,2,8
1,2,8
1,2,8
1,2,8
1,2,8
1,2,8
1,2,8
1,2,8
1,2,8
1,2,8
1,2,8
1,2,8
1,2,8
1,2,8
1,2,8
1,2,8
1,2,8
1,2,8
1,2,8
1,2,8
1,2,8
1,2,8
1,2,8
1,2,8
1,2,8
1,2,8
1,2,8
1,2,8
1,2,8
1,2,8
1,2,8
1,2,8
1,2,7
1,2,7
1,2,7
1,2,7
1,2,7
1,2,7
1,2,7
1,2,7
1,2,7
1,2,7
1,2,7
1,2,7
1,2,7
1,2,7
1,2,7
1,2,7
1,2,7
1,2,7
1,2,7
1,2,7
1,2,7
1,2,7
1,2,7
1,2,7
1,2,7
1,2,7
1,2,6
1,2,6
1,2,5
1,2,5
1,2,5
1,2,5
1,2,5
1,2,4
1,2,4
1,2,4
1,2,4
1,2,4
1,2,4
1,2,4
1,2,4
1,2,4
1,2,4
1,2,4
1,2,4
1,2,4
1,2,4
1,2,4
1,2,4
1,2,4
1,2,4
1,2,4
1,2,4
1,2,4
1,2,4
1,2,4
1,2,4
1,2,4
1,2,4
1,2,4
1,2,4
1,2,4
1,2,4
1,2,4
1,2,4
1,2,4
1,2,4
1,2,4
1,2,4
1,2,4
1,2,4
1,2,4
1,2,4
1,2,4
1,2,4
1,2,4
1,2,4
1,2,4
1,2,4
1,2,4
1,2,4
1,2,4
1,2,4
1,2,4
1,2,4
1,2,4
1,2,4
1,2,4
1,2,4
1,2,4
1,2,4
1,2,4
1,2,4
1,2,4
1,2,4
1,2,4
1,2,4
1,2,4
1,2,4
1,2,4
1,2,4
1,2,4
1,2,4
1,2,4
1,2,4
1,2,4
1,2,4
1,2,4
1,2,4
1,2,4
1,2,4
1,2,4
1,2,4
1,2,4
1,2,4
1,2,4
1,2,4
1,2,4
1,2,4
1,2,4
1,2,4
1,2,4
1,2,4
1,2,4
1,2,4
1,2,4
1,2,4
1,2,4
1,2,4
1,2,4
1,2,4
1,2,4
1,2,4
1,2,4
1,2,4
1,2,4
1,2,4
1,2,4
1,2,4
1,2,4
1,2,4
1,2,4
1,2,4
1,2,4
1,1,4
1,1,4
1,1,4
1,1,4
1,1,4
1,1,4
1,1,4
1,1,4
1,1,4
1,1,4
1,1,4
1,1,4
1,1,4
1,1,4
1,1,4
1,1,4
1,1,4
1,1,4
1,1,4
1,1,4
1,1,4
1,1,4
1,1,4
1,1,4
1,1,4
1,1,4
1,1,3
1,1,3
1,1,3
1,1,3
1,1,3
1,1,3
1,1,3
1,1,3
1,1,3
1,1,3
1,1,3
1,1,3
1,1,3
1,1,3
1,1,3
1,1,3
1,1,3
1,1,3
1,1,3
1,1,3
1,1,3
1,1,3
1,1,3
1,1,3
1,1,3
1,1,3
1,1,3
1,1,3
1,1,3
1,1,3
1,1,3
1,1,3
1,1,3
1,1,3
1,1,3
1,1,3
1,1,3
1,1,3
1,1,3
1,1,3
1,1,3
1,1,3
1,1,3
1,1,3
1,1,3
1,1,3
1,1,3
1,1,3
1,1,3
1,1,3
1,1,3
1,1,3
1,1,3
1,1,3
1,1,3
1,1,3
1,1,3
1,1,3
1,1,3
1,1,3
1,1,3
1,1,3
1,1,3
1,1,3
1,1,3
1,1,3
1,1,3
1,1,3
1,1,3
1,1,3
1,1,3
1,1,3
1,1,3
1,1,3
1,1,3
1,1,3
1,1,3
1,1,3
1,1,3
1,1,3
1,1,3
1,1,3
1,1,3
1,1,3
1,1,2
1,1,2
1,1,2
1,1,2
1,1,2
1,1,2
1,1,2
1,1,2
1,1,2
1,1,2
1,1,2
1,1,2
1,1,2
1,1,2
1,1,2
1,1,2
1,1,2
1,1,2
1,1,2
1,1,2
1,1,2
1,1,2
1,1,2
1,1,2
1,1,2
1,1,2
1,1,2
1,1,2
1,1,2
1,1,2
1,1,2
1,1,2
1,1,2
1,1,2
1,1,2
1,1,2
1,1,2
1,1,2
1,1,2
1,1,2
1,1,2
1,1,2
1,1,2
1,1,2
1,1,2
1,1,2
1,1,2
1,1,2
1,1,2
1,1,2
1,1,2
1,1,2
1,1,2
1,1,2
1,1,2
1,1,2
1,1,2
1,1,2
1,1,2
1,1,2
1,1,2
1,1,2
1,1,2
1,1,2
1,1,2
1,1,2
1,1,2
1,1,2
1,1,2
1,1,2
1,1,2
1,1,2
1,1,2
1,1,2
0,1,2
0,1,2
0,1,2
0,1,2
0,1,2
0,1,2
0,1,2
0,1,2
0,1,2
0,1,2
0,1,2
0,1,2
0,1,2
0,1,2
0,1,2
0,1,2
0,1,2
0,1,2
0,1,2
0,1,2
0,1,2
0,1,2
0,1,2
0,1,2
0,1,2
0,1,2
0,1,2
0,1,2
0,1,2
0,1,2
0,1,2
0,1,2
0,1,2
0,1,2
0,1,2
0,1,2
0,1,2
0,1,2
0,1,2
0,1,2
0,1,2
0,1,2
0,1,1
0,1,1
0,1,1
0,1,1
0,1,1
0,1,1
0,1,1
0,1,1
0,1,1
0,1,1
0,1,1
0,1,1
0,1,1
0,1,1
0,1,1
0,1,1
0,1,1
0,1,1
0,1,1
0,1,1
0,1,1
0,1,1
0,1,1
0,1,1
0,1,1
0,0,1
0,0,1
0,0,1
0,0,1
0,0,1
0,0,1
0,0,1
0,0,1
0,0,1
0,0,1
0,0,1
0,0,0
0,0,0
0,0,0
0,0,0
0,0,0
0,0,0
0,0,0
0,0,0
0,0,0
0,0,0
0,0,0
0,0,0
0,0,0
0,0,0
0,0,0
0,0,0
0,0,0
0,0,0
0,0,0
0,0,0
0,0,0
0,0,0
0,0,0
0,0,0
0,0,0
0,0,0
0,0,0
0,0,0
0,0,0
0,0,0
0,0,0
0,0,0
0,0,0
0,0,0
0,0,0
0,0,0
0,0,0
0,0,0
0,0,0
0,0,0
0,0,0
0,0,0
0,0,0
0,0,0
0,0,0
0,0,0
0,0,0
0,0,0
0,0,0
0,0,0
0,0,0
0,0,0
0,0,0
0,0,0
0,0,0
0,0,0
0,0,0
0,0,0
0,0,0
0,0,0
0,0,0
0,0,0
0,0,0
0,0,0
0,0,0
0,0,0
0,0,0
0,0,0
0,0,0
0,0,0
0,0,0
0,0,0
0,0,0
0,0,0
0,0,0
0,0,0
0,0,0
0,0,0
0,0,0
0,0,0
0,0,0
0,0,0
0,0,0
0,0,0
0,0,0
0,0,0
0,0,0
0,0,0
0,0,0
0,0,0
0,0,0
0,0,0
0,0,0
0,0,0
0,0,0
0,0,0
0,0,0
0,0,0
0,0,0
0,0,0
0,0,0
0,0,0
0,0,0
0,0,0
0,0,0
0,0,0
0,0,0
0,0,0
0,0,0
0,0,0
0,0,0
0,0,0
0,0,0
0,0,0
0,0,0
0,0,0
0,0,0
0,0,0
0,0,0
0,0,0
0,0,0
0,0,0
0,0,0
0,0,0
0,0,0
0,0,0
0,0,0
0,0,0
0,0,0
0,0,0
0,0,0
0,0,0
0,0,0
0,0,0
0,0,0
0,0,0
0,0,0
0,0,0
0,0,0
0,0,0
0,0,0
0,0,0
0,0,0
0,0,0
0,0,0
0,0,0
0,0,0
0,0,0
0,0,0
0,0,0
0,0,0
0,0,0
0,0,0
0,0,0
0,0,0
0,0,0
0,0,0
0,0,0
0,0,0
0,0,0
0,0,0
0,0,0
0,0,0
0,0,0
0,0,0
0,0,0
0,0,0
0,0,0
0,0,0
0,0,0
0,0,0
0,0,0
0,0,0
0,0,0
0,0,0
0,0,0
0,0,0
0,0,0
0,0,0
0,0,0
0,0,0
0,0,0
0,0,0
0,0,0
0,0,0
0,0,0
0,0,0
0,0,0
0,0,0
0,0,0
0,0,0
0,0,0
0,0,0
0,0,0
0,0,0
0,0,0
0,0,0
0,0,0
0,0,0
0,0,0
0,0,0
0,0,0
0,0,0
0,0,0
0,0,0
0,0,0
0,0,0
0,0,0
0,0,0
0,0,0
0,0,0
0,0,0
0,0,0
0,0,0
0,0,0
0,0,0
0,0,0
0,0,0
0,0,0
0,0,0
0,0,0
0,0,0
0,0,0
0,0,0
0,0,0
0,0,0
0,0,0
0,0,0
0,0,0
0,0,0
0,0,0
0,0,0
0,0,0
0,0,0
0,0,0
0,0,0
0,0,0
0,0,0
0,0,0
0,0,0
0,0,0
0,0,0
0,0,0
0,0,0
0,0,0
0,0,0
0,0,0
0,0,0
0,0,0
0,0,0
0,0,0
0,0,0
0,0,0
0,0,0
0,0,0
0,0,0
0,0,0
0,0,0
0,0,0
0,0,0
0,0,0
0,0,0
0,0,0
0,0,0
0,0,0
0,0,0
0,0,0
0,0,0
0,0,0
0,0,0
0,0,0
0,0,0
0,0,0
0,0,0
0,0,0
0,0,0
0,0,0
0,0,0
0,0,0
0,0,0
0,0,0
0,0,0
0,0,0
0,0,0
0,0,0
0,0,0
0,0,0
0,0,0
0,0,0
0,0,0
0,0,0
0,0,0
0,0,0
0,0,0
0,0,0
0,0,0
0,0,0
0,0,0
0,0,0
0,0,0
0,0,0
0,0,0
0,0,0
0,0,0
0,0,0
0,0,0
0,0,0
0,0,0
0,0,0
0,0,0
0,0,0
0,0,0
0,0,0
0,0,0
0,0,0
0,0,0
0,0,0
0,0,0
0,0,0
0,0,0
0,0,0
0,0,0
0,0,0
0,0,0

